pineapple.png [79.52007675 75.83201218 49.04915237]
pineapple_contour.png [43.07176208 41.98325729 19.86146927]
pineapple_final.png [61.91219711 69.5317955  46.11665344]
pineapple_flood2.png [122.57767105 125.89685059 115.40752029]
pineapple_floodfill.png [122.68005371 125.99925995 115.50775146]
pineapple_floodfill_debug.png [169.94742012 174.5463562  160.01398468]
pineapple_gc2.png [58.23771286 63.504776   53.57304001]
pineapple_gc3.png [44.40779495 48.12905121 29.75540924]
pineapple_gc4.png [54.14237595 62.46437454 36.91281128]
pineapple_grabcut.png [53.68292236 62.01618195 36.37903976]
pineapple_isnet.png [34.22922516 36.66477585 19.36372375]
pineapple_premium_v2.png [9.24468613 9.91580963 9.86522675]
